Best trial: #3
Mean reward: 11.00

Hyperparameters:
  net_arch: large
  learning_rate: 9.180504074572426e-05
  batch_size: 128
  gamma: 0.9950791940435546
  buffer_size: 200000
  learning_starts: 7098
  target_update_interval: 730
  train_freq: 13
  gradient_steps: 1
  exploration_fraction: 0.21130957784492266
  exploration_final_eps: 0.032015121309774644
